8 0.5992202369988334 0.45769350811485654 0.04533852590584949 0.015964419475655474
8 0.6546609599181674 0.7610153256704981 0.00861395999892326 0.014367816091953972
8 0.6627365474171579 0.7777777777777778 0.0064604699991924015 0.0153256704980843
8 0.643624323669547 0.7241379310344828 0.009152332498855999 0.02681992337164753
8 0.6519690974185038 0.6709770114942529 0.00646046999919249 0.022030651340996125
8 0.6290882661713639 0.6546934865900383 0.005922097499259753 0.010536398467432978
8 0.6062074349242241 0.5545977011494253 0.011844194998519506 0.021072796934865957
8 0.6016312686747961 0.5071839080459771 0.004845352499394368 0.012452107279693555
8 0.11382632187713297 0.6464514252472366 0.005313257394623801 0.01890634089586969
8 0.20946495498036138 0.6497236765561373 0.009400378467411326 0.016724840023269318
