8 0.24367559523809526 0.7192460317460319 0.023251488095238096 0.06779100529100536
8 0.2018229166666667 0.9131117724867727 0.015811011904761908 0.03389550264550268
8 0.2610176282051282 0.7535612535612536 0.015625 0.04700854700854696
8 0.250400641025641 0.797008547008547 0.02564102564102564 0.031339031339031466
8 0.246875 0.851388888888889 0.01640625 0.04583333333333334
8 0.26452590304182516 0.6722644697929869 0.020496673003802313 0.024292353189691657
8 0.2722275995575221 0.637905604719764 0.021086836283185837 0.02581120943952805
8 0.28127750880281693 0.5836756651017214 0.012378961267605649 0.01516040688575902
8 0.27453785211267606 0.6042155712050078 0.013754401408450702 0.023963223787167386
8 0.29215185361216733 0.5389205745669625 0.022873098859315634 0.042775665399239514
8 0.2952008928571429 0.5006613756613757 0.018973214285714284 0.02645502645502644
8 0.2995781844106464 0.478717786227292 0.010396863117870714 0.015314744402196823
8 0.31383673954372626 0.47818969159273345 0.013367395437262354 0.02376425855513307
8 0.3046280893536122 0.45099281791297 0.011585076045627397 0.02534854245880859
8 0.32753733407079644 0.389933628318584 0.011407632743362851 0.02396755162241888
8 0.3175124446902654 0.43479596853490654 0.008642146017699082 0.016592920353982285
8 0.3076603982300885 0.42557767944936087 0.010370575221238944 0.021509341199606683
8 0.31605113636363635 0.40572390572390576 0.01325757575757578 0.021885521885521956
8 0.3271780303030303 0.3377525252525252 0.014678030303030276 0.0180976430976431
8 0.3323863636363636 0.3581649831649832 0.010416666666666652 0.017676767676767707
8 0.3197206439393939 0.37331649831649827 0.011126893939393945 0.021885521885521876
8 0.33948863636363635 0.3099747474747475 0.014678030303030276 0.029040404040404037
