1 0.9808275181504194 0.30795015781270807 0.019736378374568278 0.10338102958107187
1 0.9357157961514059 0.2885270552853551 0.011277930499753275 0.06704103130408905
1 0.8969465648854961 0.4142672202133833 0.10512923530199547 0.45712244989062994
1 0.8170428772005615 0.33600940826343134 0.042121179393023046 0.1900853223890269
1 0.6464683672529699 0.3397079739284362 0.04880744083248914 0.1637146862305717
1 0.5421839371674689 0.44027812966247215 0.12161135039270335 0.6058046899192072
1 0.3843140048439949 0.4109480616105491 0.0790710927482547 0.3305314147314432
1 0.17417010970223679 0.3970176188440899 0.08192050149593956 0.3735891469186811
1 0.24647385667473998 0.42867771604058824 0.09403048867360025 0.41917968688163876
1 0.024221000261848653 0.3665881120712228 0.04320502749410841 0.18853102906520036
2 0.6083165516945885 0.33706099947155693 0.009212048502506589 0.017519554774792806
