9 0.533430416613904 0.4130963938485782 0.21337216664556166 0.07203860819157769
9 0.9506444200219802 0.359676291337796 0.08991907283444896 0.06394245179338595
1 0.8595835557928457 0.05352211082768123 0.01601708489054996 0.07646015832525889
1 0.8395621996796584 0.05642232372967379 0.021652725870558245 0.07382360114162927
1 0.8128670581954087 0.05800425803985157 0.005635640980008284 0.0495672750522368
1 0.8008542445274959 0.06011350378675526 0.01601708489054987 0.03691180057081463
1 0.188664644338513 0.10868294159323691 0.051074103881631874 0.1271177696609505
1 0.5683789978792227 0.07454853152246096 0.01788736316702728 0.054649881345967544
1 0.5534371585870054 0.07454853152246096 0.006212377626871745 0.04779484396459184
4 0.6936052806202634 0.09266696934772234 0.05483183739042357 0.043772337279828634
