1 0.7604363207547169 0.17830188679245282 0.028655660377358495 0.12641509433962264
4 0.5820294655093651 0.3100730927364093 0.017987665600730906 0.07880310644129741
4 0.6038716308816812 0.30835998172681595 0.020557332115120987 0.08908177249885792
4 0.6141502969392416 0.3032206486980356 0.012848332571950661 0.07880310644129737
8 0.7697106890459363 0.416077738515901 0.45019876325088326 0.06890459363957599
9 0.5451082155477032 0.44169611307420487 0.060622791519434664 0.028268551236749078
9 0.9505852473498232 0.6342756183745583 0.09640017667844525 0.042402826855123664
9 0.7168505989352263 0.5146406388642413 0.09607919254658387 0.03105590062111803
6 0.4762657252096695 0.3693882585101134 0.02150653675382337 0.04563394178589048
6 0.5067911322150963 0.370004933399112 0.04231931425752347 0.034533793783917084
6 0.43533392945239274 0.3724716329551061 0.025669092254563354 0.04440059200789344
6 0.45614670695609283 0.368771583621115 0.015956462752836752 0.06166748889985204
6 0.4065429205722743 0.36815490873211654 0.02220029600394673 0.06290083867784904
6 0.3760175135668476 0.3675382338431179 0.02775037000493339 0.054267390231869765
6 0.3517359398125309 0.36445485939812533 0.015262703502713353 0.0579674395658609
