6 0.9852585565476191 0.12772817460317462 0.029482886904761862 0.04381613756613757
6 0.9885137648809524 0.08349867724867727 0.022972470238095257 0.0462962962962963
6 0.9465680803571429 0.13516865079365079 0.04696800595238102 0.04216269841269842
6 0.9663318452380953 0.09052579365079366 0.02325148809523796 0.052083333333333336
6 0.9347098214285717 0.10085978835978837 0.03999255952380949 0.059523809523809534
6 0.9007626488095237 0.0930059523809524 0.04185267857142865 0.05704365079365079
6 0.9084356398809524 0.13434193121693122 0.031156994047618982 0.050429894179894186
6 0.8751860119047621 0.12359457671957673 0.038132440476190334 0.07192460317460318
6 0.8389136904761906 0.11078042328042328 0.040922619047618985 0.09093915343915344
6 0.8110119047619048 0.1322751322751323 0.0260416666666667 0.05125661375661375
6 0.7900855654761907 0.13020833333333334 0.03534226190476195 0.05704365079365079
6 0.7949683779761907 0.0888723544973545 0.029296875 0.038855820105820116
6 0.7607886904761906 0.13599537037037038 0.02697172619047619 0.037202380952380945
6 0.7656715029761906 0.0967261904761905 0.019996279761904746 0.041335978835978844
6 0.7417224702380953 0.12028769841269843 0.027901785714285768 0.07853835978835978
6 0.7145182291666667 0.13020833333333334 0.02743675595238102 0.0322420634920635
6 0.7335844494047621 0.0958994708994709 0.022786458333333304 0.046296296296296315
6 0.7026599702380953 0.11615410052910055 0.04185267857142856 0.07688492063492064
6 0.6689453125 0.1252480158730159 0.030226934523809493 0.053736772486772486
6 0.655459449404762 0.11946097883597884 0.05347842261904763 0.08845899470899471
6 0.6068638392857144 0.13434193121693122 0.04371279761904763 0.04877645502645503
6 0.6215122767857144 0.11574074074074076 0.022786458333333395 0.04464285714285716
6 0.6147693452380953 0.09011243386243387 0.02418154761904763 0.033068783068783074
6 0.5801246279761906 0.12938161375661378 0.019066220238095257 0.04546957671957672
6 0.5626860119047619 0.1207010582010582 0.02139136904761907 0.05787037037037038
6 0.5512927827380952 0.1393022486772487 0.019066220238095257 0.037202380952380945
6 0.5412946428571429 0.12855489417989419 0.01767113095238102 0.04546957671957672
6 0.5850074404761906 0.10044642857142858 0.03255208333333339 0.025628306878306886
