1 0.9800374298190893 0.09925833506619532 0.03992514036182158 0.19851667013239063
1 0.7096069868995634 0.13419283288278921 0.046787273861509604 0.20627989186941154
1 0.6712414223331253 0.14195605461981006 0.04741110417966317 0.20627989186941148
1 0.5185518551855186 0.11734506784011733 0.013001300130013061 0.07467413408007467
1 0.5335533553355335 0.10712182329344044 0.019001900190018975 0.0702292451467369
2 0.5460546054605461 0.156015601560156 0.031003100310031062 0.036448089253369786
2 0.4212921292129213 0.12312342345345645 0.0065006500650064865 0.020446489093353767
1 0.20061298411813874 0.12053290403805868 0.009287638153617507 0.0643942911984149
1 0.18946781833379772 0.12218403970981291 0.013002693415064548 0.06604542687016914
9 0.9526627218934909 0.3657880580957504 0.0785368477676169 0.025820333512641173
