9 0.7000000000000001 0.6708333333333334 0.21640625000000002 0.10138888888888889
4 0.650390625 0.11666666666666667 0.053125000000000006 0.15416666666666667
9 0.0185546875 0.7277777777777779 0.037109375 0.07916666666666666
6 0.21180555555555555 0.1337448559670782 0.030092592592592567 0.06172839506172838
6 0.23958333333333331 0.125 0.030092592592592605 0.06069958847736626
6 0.26070601851851855 0.11522633744855967 0.0480324074074074 0.07407407407407407
6 0.2855902777777778 0.11213991769547324 0.04571759259259261 0.059670781893004114
6 0.3339523565573771 0.10786657559198543 0.028176229508196694 0.0711520947176685
6 0.6348167539267016 0.06871727748691099 0.08180628272251306 0.11561954624781849
6 0.34722222222222227 0.07253086419753087 0.09176587301587304 0.14506172839506173
6 0.40476190476190477 0.09082892416225752 0.023809523809523815 0.10229276895943565
6 0.42497519841269843 0.11022927689594357 0.03397817460317461 0.06084656084656086
6 0.45585317460317465 0.09016754850088182 0.07490079365079368 0.09479717813051147
6 0.49268353174603186 0.07297178130511466 0.029017857142857206 0.06481481481481483
