4 0.6890625 0.3979166666666667 0.00859375 0.04722222222222222
4 0.7718750000000001 0.39861111111111114 0.013281250000000001 0.04583333333333334
4 0.8609375 0.3965277777777778 0.014843750000000001 0.04166666666666667
4 0.942578125 0.39305555555555555 0.003125 0.04583333333333334
4 0.9925781250000001 0.40694444444444444 0.0125 0.05694444444444444
4 0.962890625 0.4201388888888889 0.010937500000000001 0.05277777777777778
4 0.903515625 0.4340277777777778 0.0234375 0.061111111111111116
4 0.8265625000000001 0.44027777777777777 0.02109375 0.06805555555555556
4 0.73984375 0.43472222222222223 0.01640625 0.06527777777777778
4 0.6082031250000001 0.40208333333333335 0.010937500000000001 0.05
4 0.62265625 0.40902777777777777 0.00859375 0.04722222222222222
4 0.6429687500000001 0.4201388888888889 0.00390625 0.05277777777777778
4 0.662109375 0.43680555555555556 0.0125 0.061111111111111116
9 0.6984375 0.5618055555555556 0.09453125000000001 0.036111111111111115
