9 0.5599067320339591 0.3666945673402687 0.04484036828889151 0.01488035925438772
9 0.45318665550639725 0.24127439648185794 0.06337438718163338 0.017006124862157416
9 0.5960779624536651 0.16634115880797695 0.04185101040296546 0.009565945234963538
7 0.3630934457492723 0.49918030044497974 0.03763926528154169 0.016951609845316542
2 0.19600630583289544 0.12471536170958136 0.01891749868628483 0.03269691130962807
2 0.7100545997733594 0.08241475224065106 0.016998042649634292 0.0421230955896661
4 0.7335884252062659 0.06855594085057197 0.01793614731555664 0.09672233515352013
1 0.6821714695683369 0.06164720262532053 0.03228506516800191 0.12329440525064106
1 0.6268683486787039 0.06696161664474473 0.034078679899557505 0.13392323328948946
1 0.4965323448523258 0.06855594085057197 0.01135955996651923 0.049955491782587326
