9 0.51953125 0.6138888888888889 0.05078125 0.02361111111111111
9 0.605078125 0.48958333333333337 0.045312500000000006 0.022222222222222223
8 0.5953125 0.49375 0.15703125 0.05277777777777778
6 0.9816988950276244 0.19260282381829347 0.03660220994475143 0.07980356046654388
6 0.9416004834254142 0.17802332719459793 0.05222720994475143 0.07673419275629222
6 0.8537638121546962 0.14732965009208104 0.021581491712707113 0.044505831798649476
6 0.8349879143646408 0.13313382443216698 0.015107044198895104 0.04373848987108655
6 0.8194492403314918 0.13159914057704114 0.022013121546961223 0.04220380601596071
6 0.9172133977900551 0.16190914671577658 0.017265193370165834 0.05985267034990793
5 0.8306716160220994 0.23096992019643953 0.023739640883978022 0.0245549416820135
