1 0.5768642252371723 0.197218538542623 0.042844027338569825 0.20764618540809507
9 0.15732986421660297 0.6161295859645318 0.11301731848117731 0.04408669178162631
7 0.2338569825563603 0.6179514207668854 0.11374069162501275 0.06437938499552295
4 0.2712967986977754 0.35369064126524785 0.025923916320009656 0.12861477864190832
4 0.30897690962802193 0.34645605996664053 0.03376137939350095 0.13022246337493215
6 0.0752319179425296 0.43475710418918806 0.04412097443246097 0.07709647954010272
6 0.15517761520476658 0.44615397507772503 0.06523870578475 0.06368839614182405
6 0.2038238177841466 0.4555396334565201 0.040349950976695075 0.050280312743545295
6 0.11841013651104909 0.44045553963345646 0.03393921110189304 0.0764260753701888
6 0.05915898310504717 0.4126324267026713 0.037307466823002726 0.09095915720655899
