1 0.6132466814159292 0.3103490658800393 0.026272123893805333 0.13765978367748274
1 0.5223313053097345 0.2842305801376598 0.017975663716814163 0.07681907571288105
9 0.5397002551020409 0.7230725623582767 0.13488520408163263 0.05272108843537417
9 0.7243303571428572 0.5637755102040816 0.10746173469387754 0.034580498866213186
9 0.5110128012048193 0.5304551539491298 0.0626882530120482 0.012717536813922297
5 0.3503605769230769 0.3886217948717948 0.03545673076923075 0.10523504273504275
5 0.3743990384615385 0.42414529914529914 0.015625 0.026709401709401698
2 0.3434495192307693 0.4254807692307692 0.03185096153846154 0.06891025641025637
8 0.4494838800904978 0.5077928607340373 0.02792703619909505 0.013197586726998466
8 0.4752014988687783 0.4971091000502766 0.027396776018099533 0.008798391151332336
7 0.49771769662921345 0.596519975031211 0.036429073033707925 0.01872659176029959
