9 0.9470299708696502 0.7997616016634399 0.10594005826069945 0.04005247458564772
1 0.3715202829751656 0.4296413460996269 0.03393760574356214 0.09557669989347686
4 0.2576974997951359 0.4788213627992633 0.02285852299438026 0.08901166359729895
4 0.2779682654693976 0.4746009821976672 0.02113335144763454 0.08364027010435843
4 0.2969451524836001 0.4707642725598526 0.020270765674261764 0.07903621853898093
4 0.31290298929099764 0.4673112338858196 0.01854559412751604 0.0767341927562922
4 0.32584177589159025 0.46539287906691224 0.015095251034024726 0.07443216697360346
4 0.33295810852191615 0.46309085328422345 0.013801372373965434 0.06982811540822588
4 0.34266219847236057 0.46193984039287905 0.014232665260651865 0.06906077348066302
4 0.3491315917726569 0.45695211786372003 0.011644907940533324 0.057550644567219124
