4 0.299320428336079 0.16886326194398682 0.021313838550247113 0.10214168039538714
4 0.3449598434925865 0.16515650741350907 0.016217051070840195 0.08813838550247116
4 0.37137046952224056 0.15939044481054368 0.015290362438220751 0.07990115321252057
4 0.39453768533772654 0.1556836902800659 0.016217051070840195 0.0757825370675453
4 0.42117998352553543 0.15197693574958815 0.013900329489291608 0.0683690280065898
9 0.44944398682042835 0.38097199341021415 0.11120263591433273 0.022240527182866603
9 0.8087675041186162 0.3966227347611203 0.0977656507413509 0.020593080724876405
5 0.8296179983525536 0.25164744645799014 0.06533154859967061 0.08154859967051072
1 0.5041133605908732 0.122658929042469 0.013353996307043037 0.05539435505143761
1 0.4653496768662622 0.12035083091532577 0.014466829332629862 0.06528620416776576
