1 0.792031523642732 0.2626970227670753 0.18126094570928208 0.5253940455341506
1 0.08151311614131584 0.15178760313094988 0.05592870742542838 0.23587899301882806
1 0.09295752324598479 0.11834319526627217 0.06609256128486898 0.209636517328825
1 0.17592983939137788 0.09678782755705832 0.03138207945900253 0.15976331360946744
1 0.1989909129332207 0.08706677937447167 0.018543956043956072 0.13524936601859677
1 0.3494978445582907 0.0868424340872173 0.013705797825815314 0.08746719980007499
1 0.43276234853390066 0.10591064656368512 0.018470770511516046 0.058273980205346396
1 0.4055214671497915 0.08545839885143912 0.010767758255281291 0.05059137212005196
2 0.672155237974523 0.11771975410355534 0.014259458774320331 0.015526966220926534
5 0.9075068555758685 0.18281535648994512 0.058373212173351875 0.1161415205936122
